import java.util.Arrays;

public class test {
    public static int[] deleteEvenNumber(int[] arr){
        int i = 0;
        int end = arr.length-1;
        while(i<=end){
            if((arr[i]&1)==0) swap(arr,i,end--);//将偶数移到数组末尾
            else i++;
        }
        int[] result = new int[end+1];
        for (int j = 0; j < result.length; j++) {
            result[j] = arr[j];
        }
        return result;
    }

    private static void swap(int[] arr, int i, int j) {
        int tmp = arr[i];
        arr[i] = arr[j];
        arr[j] = tmp;
    }

    public static void main(String[] args) {
        int[] arr = new int[(int)(Math.random()*100)];
        for (int i = 0; i < arr.length; i++) {
            arr[i] = (int)(Math.random()*1000);
        }
        int[] res = deleteEvenNumber(arr);
        Arrays.stream(res).forEach(x -> System.out.println(x+" "));
    }
}
//测试结果
161 123 306 348 863 334 150 647 298 787 556 38 849 208 66 59 272 885 185 810 476 254 287 679 581 74 776 513 450 790 637 390 465 621 54 200 49 154 981 60 322 982 333 412 326 6 43 337 456 571 291 201 73 492 120 281 820 409 20 398 804 599 273 943 629 565 562 849 289 232 822 
161 123 289 849 863 565 629 647 943 787 273 599 849 409 281 59 73 885 185 201 291 571 287 679 581 337 43 513 333 981 637 49 465 621 
--------
130 678 121 905 562 497 688 402 218 484 894 660 903 701 999 
999 701 121 905 903 497 
-------
423 755 197 976 916 113 625 44 64 821 230 70 464 131 782 154 542 186 821 739 226 588 827 936 497 199 323 443 983 914 646 901 305 507 488 349 273 282 143 150 596 198 805 178 299 318 217 265 583 951 391 932 507 593 150 183 476 831 745 734 200 709 864 368 467 
423 755 197 467 709 113 625 745 831 821 183 593 507 131 391 951 583 265 821 739 217 299 827 805 497 199 323 443 983 143 273 901 305 507 349 
------
825 745 911 411 233 824 847 863 574 117 605 297 377 757 135 939 418 216 910 959 860 62 552 223 53 415 972 306 885 333 33 381 368 9 767 117 671 306 511 781 183 852 960 312 315 676 977 274 643 73 240 224 691 224 191 223 
825 745 911 411 233 223 847 863 191 117 605 297 377 757 135 939 691 73 643 959 977 315 183 223 53 415 781 511 885 333 33 381 671 9 767 117 
